 -9.0356397629  9.7910594940  -8.9043798447  1.3359403610  8.9574012756  -4.3736796379  -5.5200600624  8.8222198486  8.9451389313  -1.6933403015
 4.4990205765  6.7398204803  5.8737392426  7.3642807007  8.9172801971  6.4464988708  -5.8676199913  2.8009996414  -5.1335401535  9.6738986969
 -9.7548999786  1.9284801483  4.4489803314  -7.4447202682  -2.3781595230  3.7822608948  -8.2554397583  9.6056594849  8.5017604828  -8.7165002823
 -0.4613599777  5.4860601425  1.9661197662  1.3811597824  0.7729005814  -6.6158800125  -4.9806399345  0.5405406952  6.4082794189  -5.7849197388
 7.5248603821  -3.0152397156  3.3953590393  -7.2777199745  9.0573596954  2.6527004242  8.5155601501  -8.8556604385  -1.1809406281  -1.1938600540
 9.8848400116  7.8899593353  -2.5344800949  -8.4256801605  -1.7033395767  -3.3983998299  -7.0985798836  -7.5624599457  -3.2398405075  -5.3415002823
 3.2904396057  8.6353397369  1.6947603226  6.3568801880  9.5708007812  2.5591802597  7.6772003174  0.8801193237  -4.5326800346  0.1305789948
 5.6675605774  0.9538192749  -1.7203197479  8.9751014709  -5.8679199219  7.6622200012  7.8784389496  2.3300800323  2.3673610687  6.5670204163
 59.4645323753
 -59.7718534470
 51.4941387177
 -47.3180389404
 -47.8275632858
 -134.7757000923
 -75.2862854004
 33.6394805908
  -5.332494671834701   0.090667323324862
   2.472328947602284   0.538973579032851
  -0.155283025012295   0.585004181008169
   1.863066902442263  -0.913980375323456
  -0.781682402987340  -0.342759753736926
   3.607536215349935  -0.892456996892305
  -0.774668309759970   0.609798686406239
  -7.560701393522399   0.702614426750307
   1.000000000000000                   0
                   0   1.000000000000000
 -5.0000000000
 -4.0000000000
 -3.0000000000
 -2.0000000000
 -1.0000000000
 1.0000000000
 2.0000000000
 3.0000000000
 4.0000000000
 5.0000000000
