 5.3186597824  -2.4451398849  -5.6747598648  -2.1694202423  3.3940010071  -0.4898395538  -3.0049600601  7.7451210022  -1.6548805237  -6.8376202583  3.9942207336  -4.6329803467  5.4568595886  -8.4258995056  5.0821599960  0.9278593063  -7.6333999634  -7.2526798248  8.6433811188  9.1586399078  -5.4616599083  3.3969402313  8.7594394684  -9.3426399231  -5.8603997231  4.1244602203  2.7709789276  1.3518409729  -0.2367200851  5.5233802795
 -7.4689798355  9.0085391998  0.3238000870  0.8524799347  -9.1872997284  2.0984001160  -1.4411201477  4.3861999512  -4.6027603149  9.9696807861  8.7472610474  2.8660202026  8.2941989899  -4.6552801132  -2.9624800682  5.0086202621  1.5985794067  1.2079410553  0.0135002136  9.4098205566  -5.5162000656  -8.8131198883  -0.8373203278  -4.6315002441  6.8325805664  6.8805999756  -4.9454598427  -1.4174804688  -7.1651401520  3.7466802597
 8.6820812225  3.4951992035  2.5949802399  9.3123989105  -5.3948798180  3.4186401367  -9.2885599136  0.6322593689  -1.9502000809  9.0901794434  -7.4576196671  -3.2519001961  7.5139007568  3.0809793472  -1.3934602737  3.1343803406  -9.3300600052  1.3364801407  -8.1480798721  -5.6270198822  -4.2528800964  3.0836791992  2.4618606567  -5.5550999641  1.6201400757  -8.0138797760  -1.4698200226  -1.1449203491  1.6070404053  -1.4867000580
 -5.6643400192  2.7747592926  -6.5839800835  9.5937995911  -6.7734003067  7.7467403412  -5.4361000061  2.7331199646  -8.0807399750  -8.3597803116  -4.0114598274  6.8008403778  -0.2578802109  -1.9806404114  -5.8757600784  5.1800203323  6.6902008057  7.6496009827  -4.3068399429  7.7314205170  9.6666202545  -9.9837198257  5.6969404221  -6.5887203217  -9.7360601425  -7.9274997711  4.9687595367  -0.7813796997  9.9603614807  9.9697399139
 1.4030189514  -6.6162600517  -1.8017396927  -3.5164203644  -9.4601001740  3.4350004196  -1.7650003433  -2.7017402649  -4.0887598991  8.6226806641  9.2454605103  -5.1290597916  -1.6295804977  -3.9033994675  -6.8171997070  8.5111408234  5.5535602570  7.0945205688  8.7700614929  1.0119400024  -3.5918402672  7.6978607178  -5.7202396393  -3.2152404785  -7.6582999229  -1.1981401443  3.5437593460  4.8544006348  -0.3357801437  9.1749210358
 -3.3522601128  6.3141994476  -8.4158201218  1.9177398682  7.1733608246  1.6620597839  -7.5305399895  -8.5620002747  -5.8465199471  -2.4979000092  5.9236602783  -7.1809597015  9.6874008179  -6.9642601013  -6.8139600754  4.5482006073  -9.5619001389  0.2421998978  -3.8919997215  -6.8400802612  9.0028400421  7.9717006683  -6.1627998352  5.9409408569  -7.1215200424  3.7146196365  -3.5768404007  3.5077199936  0.7043800354  -3.6719999313
 171.8722934723
 -128.0864548683
 -449.6067495346
 342.0979671478
 402.5682959557
 113.1928687096
0.80312542350147  0.38994068778944  0.12148884209287  -1.18586262181551  -0.39897632139363  1.23569607044104  -0.99203941492494  0.30950179605476  0.19801053922087  -0.48009994895676  1.38787016916203  0.21143758717831  -0.07631135764409  0.86804695635645  0.74978223338791  -1.52251053580007  0.41921424070414  0.13155552716179  0.09734406570511  -0.06605282609355  0.30732029573368  -0.34119517633713  0.42417679004211  0.31166287175867  
0.85201906934792  1.14096906900145  0.37975473337489  -1.95633964636756  -1.07822270296990  1.20943966745410  -1.58439167903859  0.41311183747885  0.85708777065349  -0.71737644278087  1.41030131436581  -0.07051739707856  0.57476125908949  1.36042475089800  0.28797511164103  -1.31028182204444  1.44798149545476  -0.78017064666858  -0.50907008011037  -0.71314075977565  1.08377059122363  -0.35109876697491  0.99610075562701  0.92933413753331  
0.28466965676793  3.85029548287316  -0.26745221870246  -3.00105533487000  0.01555142071081  1.30462745733063  0.48320880492740  -1.59899080024645  2.15394770187623  -0.54994347802828  -0.02235954135146  -1.88147233355900  1.84189277434477  4.83831807066138  -1.31494910400406  -2.71242028844931  3.93287263974597  -3.40066841968727  -0.36700240457308  0.94149127189749  0.98871464008366  -0.70406344319846  0.24093340035313  2.21792062495908  
-0.82165045583011  -3.78452086378593  -0.45126358313643  3.60730652539617  2.40733531559292  -2.72281158541513  0.90629301266473  -0.26436921851425  -2.52032929482076  1.58734106187785  -0.93555179219459  1.41646997488088  -0.17319272269721  -4.00885528567669  0.43673879585131  4.06674787379634  -4.34073697660740  2.83430716860700  -0.45121413293140  0.61936391639927  -1.18915814662821  1.43701689358492  -1.19208677067500  -1.43917416313294  
0.58956959450506  3.46475268053223  0.03062273832415  -1.29270755249776  -0.11862204511847  1.52063090781836  0.08226844939806  -0.74155532117340  1.83213770307369  -0.46233759353294  0.65027508091107  -1.24302675990827  1.43657581610935  4.16084838874853  -1.86875437038484  -2.81662036556721  3.12204216522080  -3.01728240117080  0.63968929573366  0.60305570971239  0.67914040594841  -0.82596551264737  -0.21304024424976  1.91182424805336  
2.75877681984739  10.51230310092552  1.35424940181892  -7.23551647113107  -2.45951785289945  5.40282083220324  -0.76434497588398  -1.34595855182840  7.15010822774212  -3.60021996887747  1.35421811683807  -5.24771701091728  3.33028162462601  11.86425168480844  -4.09515016409228  -9.15956392481950  10.50051828343942  -7.81235534771405  2.31650852979555  1.79089419138052  2.10193141247896  -3.12307331734574  0.16243163312302  3.94700084806717  
1.00000000000000  0.00000000000000  0.00000000000000  0.00000000000000  0.00000000000000  0.00000000000000  0.00000000000000  0.00000000000000  0.00000000000000  0.00000000000000  0.00000000000000  0.00000000000000  0.00000000000000  0.00000000000000  0.00000000000000  0.00000000000000  0.00000000000000  0.00000000000000  0.00000000000000  0.00000000000000  0.00000000000000  0.00000000000000  0.00000000000000  0.00000000000000  
0.00000000000000  1.00000000000000  0.00000000000000  0.00000000000000  0.00000000000000  0.00000000000000  0.00000000000000  0.00000000000000  0.00000000000000  0.00000000000000  0.00000000000000  0.00000000000000  0.00000000000000  0.00000000000000  0.00000000000000  0.00000000000000  0.00000000000000  0.00000000000000  0.00000000000000  0.00000000000000  0.00000000000000  0.00000000000000  0.00000000000000  0.00000000000000  
0.00000000000000  0.00000000000000  1.00000000000000  0.00000000000000  0.00000000000000  0.00000000000000  0.00000000000000  0.00000000000000  0.00000000000000  0.00000000000000  0.00000000000000  0.00000000000000  0.00000000000000  0.00000000000000  0.00000000000000  0.00000000000000  0.00000000000000  0.00000000000000  0.00000000000000  0.00000000000000  0.00000000000000  0.00000000000000  0.00000000000000  0.00000000000000  
0.00000000000000  0.00000000000000  0.00000000000000  1.00000000000000  0.00000000000000  0.00000000000000  0.00000000000000  0.00000000000000  0.00000000000000  0.00000000000000  0.00000000000000  0.00000000000000  0.00000000000000  0.00000000000000  0.00000000000000  0.00000000000000  0.00000000000000  0.00000000000000  0.00000000000000  0.00000000000000  0.00000000000000  0.00000000000000  0.00000000000000  0.00000000000000  
0.00000000000000  0.00000000000000  0.00000000000000  0.00000000000000  1.00000000000000  0.00000000000000  0.00000000000000  0.00000000000000  0.00000000000000  0.00000000000000  0.00000000000000  0.00000000000000  0.00000000000000  0.00000000000000  0.00000000000000  0.00000000000000  0.00000000000000  0.00000000000000  0.00000000000000  0.00000000000000  0.00000000000000  0.00000000000000  0.00000000000000  0.00000000000000  
0.00000000000000  0.00000000000000  0.00000000000000  0.00000000000000  0.00000000000000  1.00000000000000  0.00000000000000  0.00000000000000  0.00000000000000  0.00000000000000  0.00000000000000  0.00000000000000  0.00000000000000  0.00000000000000  0.00000000000000  0.00000000000000  0.00000000000000  0.00000000000000  0.00000000000000  0.00000000000000  0.00000000000000  0.00000000000000  0.00000000000000  0.00000000000000  
0.00000000000000  0.00000000000000  0.00000000000000  0.00000000000000  0.00000000000000  0.00000000000000  1.00000000000000  0.00000000000000  0.00000000000000  0.00000000000000  0.00000000000000  0.00000000000000  0.00000000000000  0.00000000000000  0.00000000000000  0.00000000000000  0.00000000000000  0.00000000000000  0.00000000000000  0.00000000000000  0.00000000000000  0.00000000000000  0.00000000000000  0.00000000000000  
0.00000000000000  0.00000000000000  0.00000000000000  0.00000000000000  0.00000000000000  0.00000000000000  0.00000000000000  1.00000000000000  0.00000000000000  0.00000000000000  0.00000000000000  0.00000000000000  0.00000000000000  0.00000000000000  0.00000000000000  0.00000000000000  0.00000000000000  0.00000000000000  0.00000000000000  0.00000000000000  0.00000000000000  0.00000000000000  0.00000000000000  0.00000000000000  
0.00000000000000  0.00000000000000  0.00000000000000  0.00000000000000  0.00000000000000  0.00000000000000  0.00000000000000  0.00000000000000  1.00000000000000  0.00000000000000  0.00000000000000  0.00000000000000  0.00000000000000  0.00000000000000  0.00000000000000  0.00000000000000  0.00000000000000  0.00000000000000  0.00000000000000  0.00000000000000  0.00000000000000  0.00000000000000  0.00000000000000  0.00000000000000  
0.00000000000000  0.00000000000000  0.00000000000000  0.00000000000000  0.00000000000000  0.00000000000000  0.00000000000000  0.00000000000000  0.00000000000000  1.00000000000000  0.00000000000000  0.00000000000000  0.00000000000000  0.00000000000000  0.00000000000000  0.00000000000000  0.00000000000000  0.00000000000000  0.00000000000000  0.00000000000000  0.00000000000000  0.00000000000000  0.00000000000000  0.00000000000000  
0.00000000000000  0.00000000000000  0.00000000000000  0.00000000000000  0.00000000000000  0.00000000000000  0.00000000000000  0.00000000000000  0.00000000000000  0.00000000000000  1.00000000000000  0.00000000000000  0.00000000000000  0.00000000000000  0.00000000000000  0.00000000000000  0.00000000000000  0.00000000000000  0.00000000000000  0.00000000000000  0.00000000000000  0.00000000000000  0.00000000000000  0.00000000000000  
0.00000000000000  0.00000000000000  0.00000000000000  0.00000000000000  0.00000000000000  0.00000000000000  0.00000000000000  0.00000000000000  0.00000000000000  0.00000000000000  0.00000000000000  1.00000000000000  0.00000000000000  0.00000000000000  0.00000000000000  0.00000000000000  0.00000000000000  0.00000000000000  0.00000000000000  0.00000000000000  0.00000000000000  0.00000000000000  0.00000000000000  0.00000000000000  
0.00000000000000  0.00000000000000  0.00000000000000  0.00000000000000  0.00000000000000  0.00000000000000  0.00000000000000  0.00000000000000  0.00000000000000  0.00000000000000  0.00000000000000  0.00000000000000  1.00000000000000  0.00000000000000  0.00000000000000  0.00000000000000  0.00000000000000  0.00000000000000  0.00000000000000  0.00000000000000  0.00000000000000  0.00000000000000  0.00000000000000  0.00000000000000  
0.00000000000000  0.00000000000000  0.00000000000000  0.00000000000000  0.00000000000000  0.00000000000000  0.00000000000000  0.00000000000000  0.00000000000000  0.00000000000000  0.00000000000000  0.00000000000000  0.00000000000000  1.00000000000000  0.00000000000000  0.00000000000000  0.00000000000000  0.00000000000000  0.00000000000000  0.00000000000000  0.00000000000000  0.00000000000000  0.00000000000000  0.00000000000000  
0.00000000000000  0.00000000000000  0.00000000000000  0.00000000000000  0.00000000000000  0.00000000000000  0.00000000000000  0.00000000000000  0.00000000000000  0.00000000000000  0.00000000000000  0.00000000000000  0.00000000000000  0.00000000000000  1.00000000000000  0.00000000000000  0.00000000000000  0.00000000000000  0.00000000000000  0.00000000000000  0.00000000000000  0.00000000000000  0.00000000000000  0.00000000000000  
0.00000000000000  0.00000000000000  0.00000000000000  0.00000000000000  0.00000000000000  0.00000000000000  0.00000000000000  0.00000000000000  0.00000000000000  0.00000000000000  0.00000000000000  0.00000000000000  0.00000000000000  0.00000000000000  0.00000000000000  1.00000000000000  0.00000000000000  0.00000000000000  0.00000000000000  0.00000000000000  0.00000000000000  0.00000000000000  0.00000000000000  0.00000000000000  
0.00000000000000  0.00000000000000  0.00000000000000  0.00000000000000  0.00000000000000  0.00000000000000  0.00000000000000  0.00000000000000  0.00000000000000  0.00000000000000  0.00000000000000  0.00000000000000  0.00000000000000  0.00000000000000  0.00000000000000  0.00000000000000  1.00000000000000  0.00000000000000  0.00000000000000  0.00000000000000  0.00000000000000  0.00000000000000  0.00000000000000  0.00000000000000  
0.00000000000000  0.00000000000000  0.00000000000000  0.00000000000000  0.00000000000000  0.00000000000000  0.00000000000000  0.00000000000000  0.00000000000000  0.00000000000000  0.00000000000000  0.00000000000000  0.00000000000000  0.00000000000000  0.00000000000000  0.00000000000000  0.00000000000000  1.00000000000000  0.00000000000000  0.00000000000000  0.00000000000000  0.00000000000000  0.00000000000000  0.00000000000000  
0.00000000000000  0.00000000000000  0.00000000000000  0.00000000000000  0.00000000000000  0.00000000000000  0.00000000000000  0.00000000000000  0.00000000000000  0.00000000000000  0.00000000000000  0.00000000000000  0.00000000000000  0.00000000000000  0.00000000000000  0.00000000000000  0.00000000000000  0.00000000000000  1.00000000000000  0.00000000000000  0.00000000000000  0.00000000000000  0.00000000000000  0.00000000000000  
0.00000000000000  0.00000000000000  0.00000000000000  0.00000000000000  0.00000000000000  0.00000000000000  0.00000000000000  0.00000000000000  0.00000000000000  0.00000000000000  0.00000000000000  0.00000000000000  0.00000000000000  0.00000000000000  0.00000000000000  0.00000000000000  0.00000000000000  0.00000000000000  0.00000000000000  1.00000000000000  0.00000000000000  0.00000000000000  0.00000000000000  0.00000000000000  
0.00000000000000  0.00000000000000  0.00000000000000  0.00000000000000  0.00000000000000  0.00000000000000  0.00000000000000  0.00000000000000  0.00000000000000  0.00000000000000  0.00000000000000  0.00000000000000  0.00000000000000  0.00000000000000  0.00000000000000  0.00000000000000  0.00000000000000  0.00000000000000  0.00000000000000  0.00000000000000  1.00000000000000  0.00000000000000  0.00000000000000  0.00000000000000  
0.00000000000000  0.00000000000000  0.00000000000000  0.00000000000000  0.00000000000000  0.00000000000000  0.00000000000000  0.00000000000000  0.00000000000000  0.00000000000000  0.00000000000000  0.00000000000000  0.00000000000000  0.00000000000000  0.00000000000000  0.00000000000000  0.00000000000000  0.00000000000000  0.00000000000000  0.00000000000000  0.00000000000000  1.00000000000000  0.00000000000000  0.00000000000000  
0.00000000000000  0.00000000000000  0.00000000000000  0.00000000000000  0.00000000000000  0.00000000000000  0.00000000000000  0.00000000000000  0.00000000000000  0.00000000000000  0.00000000000000  0.00000000000000  0.00000000000000  0.00000000000000  0.00000000000000  0.00000000000000  0.00000000000000  0.00000000000000  0.00000000000000  0.00000000000000  0.00000000000000  0.00000000000000  1.00000000000000  0.00000000000000  
0.00000000000000  0.00000000000000  0.00000000000000  0.00000000000000  0.00000000000000  0.00000000000000  0.00000000000000  0.00000000000000  0.00000000000000  0.00000000000000  0.00000000000000  0.00000000000000  0.00000000000000  0.00000000000000  0.00000000000000  0.00000000000000  0.00000000000000  0.00000000000000  0.00000000000000  0.00000000000000  0.00000000000000  0.00000000000000  0.00000000000000  1.00000000000000  
 -15.0000000000
 -14.0000000000
 -13.0000000000
 -12.0000000000
 -11.0000000000
 -10.0000000000
 -9.0000000000
 -8.0000000000
 -7.0000000000
 -6.0000000000
 -5.0000000000
 -4.0000000000
 -3.0000000000
 -2.0000000000
 -1.0000000000
 1.0000000000
 2.0000000000
 3.0000000000
 4.0000000000
 5.0000000000
 6.0000000000
 7.0000000000
 8.0000000000
 9.0000000000
 10.0000000000
 11.0000000000
 12.0000000000
 13.0000000000
 14.0000000000
 15.0000000000
