 -9.0356397629  9.7910594940  -8.9043798447  1.3359403610  8.9574012756  -4.3736796379  -5.5200600624  8.8222198486  8.9451389313  -1.6933403015  4.4990205765  6.7398204803  5.8737392426  7.3642807007  8.9172801971  6.4464988708  -5.8676199913  2.8009996414  -5.1335401535  9.6738986969  -9.7548999786  1.9284801483  4.4489803314  -7.4447202682  -2.3781595230  3.7822608948  -8.2554397583  9.6056594849  8.5017604828  -8.7165002823
 -0.4613599777  5.4860601425  1.9661197662  1.3811597824  0.7729005814  -6.6158800125  -4.9806399345  0.5405406952  6.4082794189  -5.7849197388  7.5248603821  -3.0152397156  3.3953590393  -7.2777199745  9.0573596954  2.6527004242  8.5155601501  -8.8556604385  -1.1809406281  -1.1938600540  9.8848400116  7.8899593353  -2.5344800949  -8.4256801605  -1.7033395767  -3.3983998299  -7.0985798836  -7.5624599457  -3.2398405075  -5.3415002823
 3.2904396057  8.6353397369  1.6947603226  6.3568801880  9.5708007812  2.5591802597  7.6772003174  0.8801193237  -4.5326800346  0.1305789948  5.6675605774  0.9538192749  -1.7203197479  8.9751014709  -5.8679199219  7.6622200012  7.8784389496  2.3300800323  2.3673610687  6.5670204163  -2.8787603378  0.7472801208  1.8400592804  -3.2450399399  8.7953987122  2.3520803452  5.0742397308  -0.8199996948  -5.3139801025  5.0925397873
 -9.8420000076  -8.7861404419  4.0572795868  5.7715997696  -3.1405997276  2.2668600082  1.3810396194  0.5753002167  -8.5675601959  -8.6388397217  0.3368396759  7.2861003876  3.0104198456  5.9695606232  -9.7708597183  6.5628204346  -1.4725799561  -1.7180595398  3.7367401123  -0.2303199768  -8.3982000351  0.6930007935  1.3775806427  1.1256008148  7.1166000366  -6.1189403534  7.5379791260  3.7955398560  0.7020998001  9.9791202545
 3.1633605957  -4.9625997543  -7.3142399788  5.0959396362  4.5961999893  6.6571598053  3.3620204926  6.0345001221  -5.4757800102  -8.3388195038  -0.4588203430  -9.1765203476  -8.4571399689  -6.1772203445  -0.0580196381  -5.8334999084  2.5959796906  8.6354808807  0.1185407639  -6.7461800575  2.1314201355  8.6605415344  0.8616399765  9.6168003082  7.8986396790  5.2620201111  -2.0413799286  -3.5079197884  4.8011007309  8.3585796356
 4.1205797195  6.3077201843  6.5270996094  -7.7486801147  2.7560195923  -3.8492603302  -7.0501804352  0.7335996628  6.5419406891  -8.8222599030  4.0181808472  -0.2855796814  -3.7712802887  6.7111396790  -6.6636800766  5.5833196640  -3.6719999313  -9.9537000656  -8.0262002945  -9.7881402969  4.8457393646  -3.3864803314  -9.9702396393  8.3717002869  -0.1840000153  4.2237396240  -0.5412597656  -9.4077396393  7.5740203857  -8.0483798981
 -4.9184603691  9.2938995361  9.1861991882  8.8343009949  6.6520004272  -7.9339399338  -0.9560403824  1.5716190338  -6.2107400894  7.9044609070  -5.5487003326  -1.3344001770  4.5091199875  6.1154193878  -9.2093601227  6.5658798218  9.5165596008  8.1231994629  -4.9419803619  6.5191192627  3.9043197632  5.3275394440  -1.1563405991  -2.3442201614  3.1210803986  -9.9308004379  -2.4650597572  9.7362403870  5.6206998825  6.2910804749
 -2.3910999298  5.6096191406  -0.8610601425  -7.8590602875  4.4873800278  3.4554395676  -4.6363801956  5.4858007431  7.1297798157  -2.9562802315  7.3853607178  1.0247602463  2.5232400894  4.8381805420  -9.3422002792  7.2471199036  0.9174804688  5.3948402405  3.0463800430  7.2991790771  9.7905197144  4.1452798843  -8.7843999863  5.1575994492  0.9603595734  6.8142204285  -4.3409399986  -0.5666999817  -3.9619998932  3.3518400192
 5.5475997925  -0.8803396225  -4.5334000587  2.5624799728  5.8404397964  -6.2818198204  -5.3039798737  -0.9344797134  -3.1735801697  -3.4250202179  9.9186401367  4.8822994232  0.0614204407  5.7343397141  -0.0704202652  7.1406002045  8.5875205994  -2.3966598511  -0.2863197327  1.4940595627  2.1540203094  -0.5958995819  -9.8464603424  9.0534992218  -7.4491596222  -7.3397998810  -6.4811801910  7.9405403137  -7.9131402969  1.0293998718
 -7.0560398102  0.6411800385  2.9247398376  -1.9595203400  -6.2446999550  4.2265405655  8.3108196259  7.9867401123  -0.9147605896  6.2428398132  -4.4718999863  4.7756805420  7.3966598511  0.9411001205  5.9955997467  4.8211393356  3.8104801178  0.3323602676  0.2868795395  -9.6822395325  1.0395202637  -6.7629199028  -8.1874399185  -8.7973594666  1.3733997345  7.7922210693  -5.8475198746  -1.1656599045  0.6958398819  -0.4141197205
 -5.2607398033  -7.9832000732  7.6568603516  8.2363605499  -4.6020798683  -0.7632999420  6.9619407654  9.4736804962  -0.3949394226  -7.3936796188  -6.1589803696  -2.6484003067  -3.4724802971  -3.5579800606  9.4648799896  4.8216199875  3.3609399796  -1.8979196548  5.3213005066  8.8222599030  4.1804008484  7.5375995636  -1.0335397720  7.0686607361  -1.4906196594  4.4020605087  7.1278800964  -4.0488395691  -1.0757999420  -5.6854600906
 1.4915800095  -0.6138000488  -0.6806201935  -8.1736001968  -4.3900198936  2.4477996826  9.3814392090  1.9921398163  -1.2115201950  -4.5174798965  7.6859397888  -2.6311597824  9.3562202454  6.2097797394  1.4619998932  -4.1423397064  -0.1472005844  -4.6475601196  8.7740802765  0.8022203445  -9.6610803604  7.1912593842  -6.4911198616  1.3327398300  -0.9453601837  -9.8883800507  5.2071399689  8.1436004639  -5.6155200005  -5.3348999023
 1.9696998596  -7.5426597595  8.8840408325  9.2182998657  -1.3864793777  0.2713594437  -9.4905395508  -7.9853801727  6.9351806641  -3.7791996002  5.4881801605  -0.1007003784  -1.8672599792  4.4709596634  -7.6651000977  -5.3756399155  -9.7237195969  -8.4329795837  5.5410003662  9.2630805969  -4.0944395065  3.8759994507  9.9936790466  2.2503604889  -0.5246400833  5.7001199722  5.4855003357  -8.7386798859  -6.5298600197  -8.0224800110
 -1.1352596283  -4.5277400017  -9.6430997849  -0.3837003708  -3.5565195084  7.9333400726  9.6261005402  2.4888801575  4.6748809814  2.1001806259  2.4042596817  -1.1051797867  1.4252395630  -7.4539599419  -0.8613195419  -5.3895001411  2.0699996948  3.1043395996  7.8218193054  5.9233198166  0.0373992920  3.5791397095  5.1568994522  3.4110794067  0.3914794922  8.7506999969  -9.7793397903  -5.6925601959  -8.6207799911  -2.1203603745
 -7.2374801636  -8.7673397064  7.3814601898  -1.2222394943  -7.0943202972  2.4384603500  -5.4148597717  9.8196811676  2.2649002075  -3.2134799957  -0.6722202301  4.1603803635  7.0086803436  8.9836807251  0.4731597900  -8.0608406067  4.3565998077  -4.1497397423  9.4820404053  7.4273395538  -4.8757200241  -3.9804797173  -8.6274204254  0.7679405212  -9.4950199127  -0.4073200226  1.3210201263  4.3680000305  7.3082389832  -3.4039201736
 -3.1373600960  8.3518199921  4.2616405487  -5.9976596832  -1.7990398407  7.5517196655  -4.7404403687  -6.8769598007  1.1938591003  -4.4977998734  7.7264404297  7.8475990295  -8.5180597305  -7.3272800446  0.1685199738  -7.2038002014  -0.0268802643  2.8460397720  -6.7473797798  -2.4059400558  8.9347610474  1.3167591095  3.9073390961  -1.5392999649  9.8534202576  -1.6651401520  -9.2630395889  0.9696197510  -6.3805198669  8.2851009369
 7.9151401520  -3.0838398933  2.6799001694  0.0136003494  9.4932193756  -7.5392799377  -7.3525400162  -5.3868999481  6.2366790771  1.9017992020  1.8614597321  2.2797403336  8.1270999908  2.2242603302  0.0257596970  -5.3179202080  0.3719196320  -5.7624001503  -5.6219596863  -8.4777803421  -6.5155000687  0.1418199539  3.7723598480  0.9020805359  -6.9750199318  3.7118806839  9.7955589294  -2.0898799896  2.4053802490  1.8607997894
 6.0230598450  8.4644603729  -9.5594196320  -6.9909801483  0.6584796906  7.0010204315  -1.9076595306  -2.5658998489  -8.0598402023  6.8020992279  -6.6736001968  4.2344608307  9.2371196747  7.5645008087  7.8441200256  -4.6163997650  -8.5470600128  5.3918190002  7.0986995697  -6.7555398941  3.8395204544  0.8846998215  5.6265602112  -1.8994197845  5.9201202393  -0.2236804962  -9.9376802444  6.0543994904  -9.1077003479  6.8886394501
 0.7359800339  3.7848196030  7.6980800629  8.9076805115  -6.5593199730  4.0984592438  -6.1353998184  2.0258407593  3.7997999191  -7.6396598816  3.5637798309  0.9015197754  -4.5136203766  -3.3624601364  -4.9733200073  -1.3410797119  6.4324607849  4.8197994232  -7.8317399025  -4.8773198128  3.1891593933  -4.2653603554  4.7760200500  8.2221202850  -0.7251605988  -3.4532599449  -6.8229198456  -6.0074601173  -8.9666805267  -8.2011795044
 -3.2043800354  -2.0755200386  1.6260604858  -0.7553396225  7.3296794891  -8.2085800171  -1.1220397949  6.5007991791  2.4060802460  -2.0255799294  -5.4626798630  -1.6040000916  2.8314199448  -6.4719400406  0.9073810577  -1.6754798889  9.4236793518  9.6286411285  -2.2799801826  7.7870197296  1.1109199524  9.3223991394  -0.0642995834  -1.2749204636  9.4856605530  2.7437000275  1.3776006699  2.6522397995  -5.1314396858  -6.7992801666
 6.7611007690  0.9211597443  4.5696792603  -2.0999999046  7.3586807251  2.5832605362  -4.0738000870  1.2530002594  -6.5938196182  1.7609796524  -9.7190198898  -7.4035797119  0.4116201401  -2.2547001839  -6.0953598022  -5.4601998329  7.6323394775  4.2916793823  5.6897401810  8.5269794464  -0.8454799652  6.8698196411  9.2425193787  -0.2257003784  -5.8604602814  3.4331998825  -6.6096200943  -2.0712604523  -7.6952600479  -5.9266200066
 -9.7909603119  2.7603807449  9.0318603516  4.8169994354  -7.5121598244  -1.4756402969  3.0163803101  -2.4724602699  -9.8464803696  -0.2234401703  -6.7353801727  9.1087398529  7.7998600006  -6.9893999100  -0.2154598236  4.8995990753  -3.2446403503  -6.5361199379  2.0200805664  -2.4957599640  -6.1257400513  5.3029203415  1.4511394501  6.0021190643  -9.5499401093  -4.8203401566  5.5966396332  9.4237003326  7.1452598572  1.3520803452
 -8.8372802734  3.6776809692  -6.0340600014  4.9958600998  -8.3955001831  4.4740400314  -7.0694599152  5.9336194992  2.6126804352  -1.4766998291  -4.3714799881  -2.3944401741  8.2137794495  1.8494205475  -1.6128597260  4.0542993546  -0.6166801453  -5.2154998779  1.0282192230  7.6162395477  4.6342191696  3.9354000092  -2.2762398720  -8.0183000565  9.2993793488  5.5850801468  -2.1200799942  2.2260799408  5.4159402847  0.4600601196
 9.4967994690  -1.5346994400  -2.0420999527  -6.0152597427  9.9190196991  -1.7117605209  -7.7277998924  8.0174999237  -2.5760002136  3.2060203552  -7.6885199547  -2.2544198036  4.7467994690  5.4642601013  -8.1328802109  1.8705797195  7.4379386902  0.6497201920  -5.6209998131  7.7207984924  -6.5405998230  0.4743003845  -3.2868199348  2.7031602859  1.5753602982  7.0361194611  6.8007392883  0.2392196655  -6.2713599205  -4.4047203064
 -134.2661681175
 -416.7947998047
 -271.4637579918
 504.2995371819
 443.6712942123
 -294.0579004288
 18.1942687035
 53.4218053818
 -217.0657038689
 -289.7220144272
 179.2075200081
 -153.0248837471
 -117.7607536316
 -55.2864975929
 93.0261421204
 36.4125113487
 -96.1637964249
 -20.6422138214
 -559.7674460411
 195.2070035934
 -226.2023839951
 283.1830921173
 393.6085209846
 -58.6712770462
-1.64563760914037  -0.62485770357408  -0.82924931314965  1.03053416283041  2.01418729800915  1.00832186376713
0.00210591562091  -0.11798002228553  0.63433938398774  -0.16185299364016  -0.22461721210596  0.81974760697810
0.47998057857992  0.29846482383257  -1.41540588451665  0.15995333697914  -0.33629542530212  -0.60952497508700
-0.78054251620438  -0.45092263005587  -1.53990721049412  0.19968296295307  -0.58698056074761  -0.75883632548162
0.47911629058616  -0.18716043384261  -3.27525199885964  -0.00465674443172  -2.48115577741109  -3.14488067112102
0.32485442651646  -1.07447988885070  -0.79506017407609  -0.49903661729042  -0.29578325065741  -1.07875233613054
-1.10319016628710  0.34436143367747  -2.47899755787591  0.42476222241827  -0.70524354404732  -1.59927062537199
-0.38774503022262  0.18193026411541  0.45061539239927  1.52672917292406  0.04841017065968  0.29623904001393
-0.19643003118832  -2.10006513058559  2.60727647144853  0.16732795949298  1.50785435618570  3.06759521345936
1.33980104212130  -0.46842943984707  3.57569032453686  -0.12660984600135  0.90043103580308  1.78960603386634
0.85741165608337  1.65241715648658  -0.81283201063975  0.23217323010538  -0.53421329192925  -1.60187602431544
-1.74333779556702  -1.30089118839629  1.64024027447417  0.48531971357119  2.08862225018809  1.71130217464678
0.20171278215737  1.46307158432192  -5.35023678471239  -0.23371614210416  -2.13716627656839  -4.16757453836900
-0.19909386495109  -0.02992417623190  2.40201370977733  -0.48620519211146  0.93061857218622  1.38145325044942
1.09316685759034  0.23953382989394  -0.06954698461482  -0.81211750438292  -0.27649882623814  -0.16931635141776
0.74666632540446  -0.56839812006298  1.83759934532673  -0.17785011108539  1.36907116382180  1.61902817062331
0.79365085578099  -0.47061420814383  3.58595488309855  -0.57757049687569  1.50959689321924  2.28762381363215
-0.51317060591125  0.07321982910381  0.05854309260728  -0.55272675837484  0.90978830800899  0.41721030769736
0.66286852655841  -0.96483404647618  2.68145073594513  0.28753362345710  1.03577863783973  2.29296507900893
-0.21767192978518  0.75502862892527  -3.23013129402978  -0.27634223224353  -0.97668254303011  -2.03296248664185
-0.70995411477104  0.85171826039319  -2.24844192276018  0.79664605442413  -1.00671795588825  -2.73159890287819
-0.92697025456257  -1.41687292972786  4.60801338061787  -0.20938460316524  2.82129093882270  3.70575106247295
0.77057850446348  0.85379946429800  1.50183195705744  0.62998298524729  0.50632948655703  0.28054724180447
1.61996923019754  0.43532417039750  0.20944940524562  -0.56128657371511  -0.74706115336179  -0.36141269053910
1.00000000000000  0.00000000000000  0.00000000000000  0.00000000000000  0.00000000000000  0.00000000000000
0.00000000000000  1.00000000000000  0.00000000000000  0.00000000000000  0.00000000000000  0.00000000000000
0.00000000000000  0.00000000000000  1.00000000000000  0.00000000000000  0.00000000000000  0.00000000000000
0.00000000000000  0.00000000000000  0.00000000000000  1.00000000000000  0.00000000000000  0.00000000000000
0.00000000000000  0.00000000000000  0.00000000000000  0.00000000000000  1.00000000000000  0.00000000000000
0.00000000000000  0.00000000000000  0.00000000000000  0.00000000000000  0.00000000000000  1.00000000000000
 -15.0000000000
 -14.0000000000
 -13.0000000000
 -12.0000000000
 -11.0000000000
 -10.0000000000
 -9.0000000000
 -8.0000000000
 -7.0000000000
 -6.0000000000
 -5.0000000000
 -4.0000000000
 -3.0000000000
 -2.0000000000
 -1.0000000000
 1.0000000000
 2.0000000000
 3.0000000000
 4.0000000000
 5.0000000000
 6.0000000000
 7.0000000000
 8.0000000000
 9.0000000000
 10.0000000000
 11.0000000000
 12.0000000000
 13.0000000000
 14.0000000000
 15.0000000000
