5.3186597824  -2.4451398849  -5.6747598648  -2.1694202423  3.3940010071  -0.4898395538  -3.0049600601  7.7451210022  -1.6548805237  -6.8376202583
 3.9942207336  -4.6329803467  5.4568595886  -8.4258995056  5.0821599960  0.9278593063  -7.6333999634  -7.2526798248  8.6433811188  9.1586399078
 -22.9156403542
 38.2296218872
   2.664492193293014  -0.709361400604836  -0.221700050064487   0.305090312955890  -0.318848261869732  -3.604535581860397   1.936245889472236   3.635185093837614
   3.474961762579819  -2.430238135486838   0.905818877988867   0.463299474485753  -1.922509839303914  -4.673015847409474   3.534911303377962   5.110829273632813
   1.000000000000000                   0                   0                   0                   0                   0                   0                   0
                   0   1.000000000000000                   0                   0                   0                   0                   0                   0
                   0                   0   1.000000000000000                   0                   0                   0                   0                   0
                   0                   0                   0   1.000000000000000                   0                   0                   0                   0
                   0                   0                   0                   0   1.000000000000000                   0                   0                   0
                   0                   0                   0                   0                   0   1.000000000000000                   0                   0
                   0                   0                   0                   0                   0                   0   1.000000000000000                   0
                   0                   0                   0                   0                   0                   0                   0   1.000000000000000
 -5.0000000000
 -4.0000000000
 -3.0000000000
 -2.0000000000
 -1.0000000000
 1.0000000000
 2.0000000000
 3.0000000000
 4.0000000000
 5.0000000000
